Loci = 417
Genes = 20
Distinct Haplotypes = 2
Stationary = 0.61273
Haplotypes
1 1 1 1 1 1 1 1 1 1 1 1 1 1 1 1 1 1 1 1 1 1 1 1 1 1 1 1 1 1 1 1 1 1 1 1 1 1 1 1 1 1 1 1 1 1 1 1 1 1 1 1 1 1 1 1 1 1 1 1 1 1 1 1 1 1 1 1 1 1 1 1 1 1 1 1 1 1 1 1 1 1 1 1 1 1 1 1 1 1 1 1 1 1 1 1 1 1 1 1 1 1 1 1 1 1 1 1 1 1 1 1 1 1 1 1 1 1 1 1 1 1 1 1 1 1 1 1 1 1 1 1 1 1 1 1 1 1 1 1 1 1 1 1 1 1 1 1 1 1 1 1 1 1 1 1 1 1 1 1 1 1 1 1 1 1 1 1 1 1 1 1 1 1 1 1 1 0 1 1 1 1 1 1 1 1 1 1 1 1 1 1 1 1 1 1 1 1 1 1 1 1 1 1 1 1 1 1 1 1 1 1 1 1 1 1 1 1 1 1 1 1 1 1 1 1 1 1 1 1 1 1 1 1 1 1 1 1 1 1 1 1 1 1 1 1 1 1 1 1 1 1 1 1 1 1 1 1 1 1 1 1 1 1 1 1 1 1 1 1 1 1 1 1 1 1 1 1 1 1 1 1 1 1 1 1 1 1 1 1 1 1 1 1 1 1 1 1 1 1 1 1 1 1 1 1 1 1 1 1 1 1 1 1 1 1 1 1 1 1 1 1 1 1 1 1 1 1 1 1 1 1 1 1 1 1 1 1 1 1 1 1 1 1 1 1 1 1 1 1 1 1 1 1 1 1 1 1 1 1 1 1 1 1 1 1 1 1 1 1 1 1 1 1 1 1 1 1 1 1 1 1 1 1 1 1 1 1 1 1 1 1 1 1 1 1 1 1 1 1 1 1 1 1 1 1 1 1 1 1 1 1 1 1 1 1 1 19
1 1 1 1 1 1 1 1 1 1 1 1 1 1 1 1 1 1 1 1 1 1 1 1 1 1 1 1 1 1 1 1 1 1 1 1 1 1 1 1 1 1 1 1 1 1 1 1 1 1 1 1 1 1 1 1 1 1 1 1 1 1 1 1 1 1 1 1 1 1 1 1 1 1 1 1 1 1 1 1 1 1 1 1 1 1 1 1 1 1 1 1 1 1 1 1 1 1 1 1 1 1 1 1 1 1 1 1 1 1 1 1 1 1 1 1 1 1 1 1 1 1 1 1 1 1 1 1 1 1 1 1 1 1 1 1 1 1 1 1 1 1 1 1 1 1 1 1 1 1 1 1 1 1 1 1 1 1 1 1 1 1 1 1 1 1 1 1 1 1 1 1 1 1 1 1 1 1 1 1 1 1 1 1 1 1 1 1 1 1 1 1 1 1 1 1 1 1 1 1 1 1 1 1 1 1 1 1 1 1 1 1 1 1 1 1 1 1 1 1 1 1 1 1 1 1 1 1 1 1 1 1 1 1 1 1 1 1 1 1 1 1 1 1 1 1 1 1 1 1 1 1 1 1 1 1 1 1 1 1 1 1 1 1 1 1 1 1 1 1 1 1 1 1 1 1 1 1 1 1 1 1 1 1 1 1 1 1 1 1 1 1 1 1 1 1 1 1 1 1 1 1 1 1 1 1 1 1 1 1 1 1 1 1 1 1 1 1 1 1 1 1 1 1 1 1 1 1 1 1 1 1 1 1 1 1 1 1 1 1 1 1 1 1 1 1 1 1 1 1 1 1 1 1 1 1 1 1 1 1 1 1 1 1 1 1 1 1 1 1 1 1 1 1 1 1 1 1 1 1 1 1 1 1 1 1 1 1 1 1 1 1 1 1 1 1 1 1 1 1 1 1 1 1 1 1 1 1 1 1 1 1 1 1 1 1 1 1

Mutation
0.0 1.0 0.0 0.0

Positions
3733.42 10491.18 23115.95 25477.71 43924.53 44473.19 55265.45 69202.61 75022.17 82377.11 86457.50 105001.81 121365.61 123964.13 126289.61 162619.55 182673.50 191675.38 201971.76 247173.64 269859.39 306145.33 328638.95 335030.77 373778.85 375209.39 398612.48 417557.25 423901.71 442816.64 456544.04 467363.40 480558.69 517554.24 537008.41 560285.17 563702.24 573236.13 579252.30 585138.49 605306.74 614683.60 623585.66 631372.51 650627.99 652562.63 657520.70 672853.56 683244.63 687324.69 706231.24 706892.84 720062.33 727121.02 730191.97 749762.86 771561.17 781658.74 788153.85 810985.45 820948.32 859317.39 880475.17 894802.67 904813.93 915532.54 917385.45 933109.04 933998.13 951338.99 956310.80 979668.50 983293.57 1015457.17 1032699.97 1049566.46 1049979.09 1053100.10 1077836.56 1079886.31 1081082.85 1084620.02 1088814.05 1094729.11 1107145.94 1121170.77 1124813.39 1176232.54 1195230.09 1202495.76 1227978.55 1231458.75 1234761.34 1250108.60 1311207.59 1311735.61 1312859.12 1320353.04 1325729.48 1332967.80 1336072.03 1348829.40 1351298.39 1368529.81 1378219.27 1382351.40 1399846.05 1422051.50 1439330.85 1445042.45 1463000.17 1466608.57 1481213.15 1493136.31 1516225.61 1521569.37 1529811.69 1545897.11 1556499.80 1556888.06 1565383.28 1568044.93 1607062.93 1668064.78 1670259.58 1671530.26 1673491.67 1677201.28 1678514.05 1680656.20 1689532.75 1692676.58 1693875.10 1697004.51 1743140.24 1756909.29 1772030.55 1773157.03 1775101.97 1775124.78 1789708.08 1798788.23 1819302.51 1830498.46 1833138.94 1836447.00 1847882.38 1857789.52 1866386.66 1873827.89 1883319.39 1890711.47 1892214.47 1907743.11 1911617.17 1916228.14 1918790.92 1924754.15 1926253.41 1942856.03 1957778.45 1978053.36 1998029.09 2001972.21 2003104.04 2004935.47 2007505.13 2057848.56 2071414.87 2080455.88 2091699.78 2096815.90 2116629.28 2122071.57 2140782.06 2149564.82 2162244.93 2163790.32 2176601.54 2200636.98 2201603.77 2210940.86 2220523.44 2221786.89 2223016.37 2229161.02 2238227.68 2267189.24 2279375.25 2286776.77 2287256.14 2307588.49 2308680.26 2318581.36 2334086.72 2353164.12 2353244.74 2370374.05 2377957.11 2382746.88 2398353.05 2400983.36 2436556.63 2485677.41 2486372.15 2495721.06 2515244.24 2529131.74 2534605.62 2540349.67 2552621.35 2562959.84 2580107.08 2601354.98 2602736.92 2657200.58 2668100.25 2701312.61 2710602.12 2740255.81 2746369.06 2755737.87 2782354.88 2810706.63 2815260.91 2817477.29 2826369.03 2831559.86 2846301.44 2856294.48 2862894.57 2872807.77 2878375.85 2938812.89 2965696.27 2987176.20 2997231.96 3006573.70 3011762.75 3032215.26 3039595.42 3055439.77 3063072.45 3080923.18 3088307.63 3094181.27 3096898.42 3110648.59 3110677.94 3111597.99 3114833.63 3131777.63 3164804.27 3167633.60 3171888.13 3173209.14 3190699.15 3201200.07 3219919.63 3225831.74 3230167.59 3235392.87 3259283.12 3274345.19 3287357.93 3293164.96 3305798.62 3306420.15 3327761.05 3336031.70 3336455.04 3353624.16 3359588.28 3391721.43 3431130.96 3431389.81 3441753.97 3442747.22 3454558.64 3456283.76 3465531.23 3482936.57 3487223.98 3497342.61 3520223.06 3535163.77 3548738.09 3553120.23 3596470.57 3633376.00 3663594.96 3664260.52 3670223.58 3671328.63 3723880.03 3742935.78 3745092.66 3748473.83 3778534.43 3801578.64 3806794.54 3815373.29 3820660.43 3835170.90 3836792.33 3841612.77 3854858.68 3867258.95 3913850.67 3930802.87 3931574.34 3936975.11 3940929.07 3942590.04 3944309.24 3960661.57 3966601.06 3973750.65 3976260.69 4004140.46 4011798.95 4021978.41 4040076.88 4050836.18 4078539.07 4093888.52 4095142.55 4095426.38 4100114.00 4102035.35 4108902.74 4124557.89 4139884.87 4160122.60 4170267.66 4170571.67 4181303.47 4215625.64 4226694.86 4238068.77 4251373.53 4254487.85 4257101.74 4267927.54 4268539.96 4275431.16 4275494.86 4277637.98 4277709.70 4281739.46 4307697.19 4312056.39 4325867.03 4332238.47 4342039.89 4342859.83 4343455.18 4348487.93 4357892.34 4358596.66 4359885.84 4376473.46 4399192.14 4406581.74 4412071.66 4413942.79 4422450.09 4471248.13 4471446.27 4494165.89 4508871.91 4515572.55 4528244.30 4530439.58 4533863.72 4549773.56 4559518.81 4564272.83 4565559.56 4594578.47 4639259.86 4641139.03 4646333.55 4647508.27 4675280.09 4691479.23 4699864.21 4714052.54 4723044.22 4728720.74 4730781.58 4739031.80 4742788.24 4756150.88 4775184.35 4780482.22 4786960.78 4793986.24 4819495.14 4823844.11 4824657.87 4854344.70 4870534.69 4872741.86 4873566.69 4885211.36 4886904.41 4898377.63 4903580.83 4905957.60 4921801.52 4933614.28 4986460.56 4986959.40 4991453.62 4994330.18 4997666.15 
#